0.406303 0.165305
0.376565 0.87685
0.0263237 0.465636
0.129875 0.410219
0.766681 0.231506
0.43602 0.0959546
0.111128 0.0306733
0.157553 0.346588
0.7044 0.335237
0.17453 0.531805
0.223933 0.613998
0.921619 0.093694
0.493379 0.271456
0.179784 0.667681
0.365552 0.586087
0.462937 0.85931
0.207753 0.592812
0.0703887 0.308021
0.647423 0.181517
0.338694 0.804976
0.528104 0.0430945
0.140213 0.702635
0.5749 0.364145
0.316633 0.496519
0.457839 0.810012
0.767975 0.637623
0.477694 0.133527
0.22371 0.31068
0.16999 0.0833973
0.279459 0.43952
0.0578315 0.103777
0.145069 0.12822
0.411797 0.792492
0.309737 0.750491
0.540476 0.368486
0.101825 0.857109
0.667121 0.63298
0.197288 0.144815
0.766508 0.420998
0.455496 0.642152
0.107646 0.625486
0.725549 0.387104
0.0650057 0.783381
0.490881 0.210075
0.00256685 0.221338
0.65317 0.600035
0.0591788 0.446756
0.337715 0.599655
0.815242 0.43954
0.456764 0.680247
0.313227 0.196493
0.2687 0.0797348
0.617491 0.724196
0.349682 0.447436
0.112241 0.414688
0.230817 0.603122
0.624762 0.142418
0.5058 0.627329
0.363755 0.15897
0.227364 0.422934
0.605726 0.565079
0.0225888 0.420968
0.00461929 0.479352
0.101215 0.00382435
0.603238 0.414442
0.200317 0.871938
0.494176 0.817808
0.596134 0.216063
0.663499 0.655186
0.360503 0.894316
0.0367336 0.764108
0.612595 0.400489
0.823423 0.528805
0.405038 0.846012
0.325364 0.0509874
0.465429 0.613799
0.431607 0.396674
0.175669 0.974552
0.34249 0.839168
0.629737 0.702993
0.652153 0.300854
0.170706 0.575232
0.104037 0.545851
0.840141 0.0538098
0.955508 0.165505
0.104797 0.368989
0.0941071 0.570226
0.529832 0.414395
0.291321 0.7055
0.388947 0.633811
0.544668 0.018684
0.336804 0.278152
0.906729 0.0250634
0.0483695 0.558883
0.325918 0.219076
0.134115 0.466731
0.213205 0.238152
0.0125817 0.053346
0.218851 0.396759
0.337079 0.312958
0.207605 0.496817
0.734262 0.498927
0.202317 0.123209
0.132737 0.746986
0.141893 0.469542
0.0251379 0.0486221
0.494605 0.0735074
0.292583 0.741619
0.287253 0.505788
0.559134 0.271733
0.267925 0.777985
0.668491 0.605004
0.0909438 0.635477
0.924871 0.298549
0.132293 0.659133
0.797476 0.334611
0.0815965 0.924235
0.399755 0.106734
0.180242 0.580362
0.714883 0.472825
0.321981 0.00213633
0.301971 0.537747
0.573485 0.569896
0.315733 0.241977
0.1749 0.406677
0.877453 0.0997714
0.705226 0.0097467
0.758905 0.502702
0.344357 0.541247
0.432915 0.425954
0.465482 0.83267
0.532688 0.438339
0.0187012 0.441913
0.185755 0.340683
0.444049 0.164368
0.642435 0.746021
0.702116 0.21592
0.315917 0.0178486
0.457897 0.490817
0.424525 0.33535
0.590589 0.129751
0.345097 0.349493
0.632453 0.689455
0.89074 0.0653678
0.115409 0.356223
0.361027 0.813263
0.0669807 0.546782
0.153946 0.51103
0.257051 0.413266
0.0123013 0.572968
0.431115 0.470198
0.0637849 0.85564
0.985391 0.150646
0.00386692 0.617844
0.25083 0.581249
0.603606 0.0453919
0.206317 0.964633
0.858655 0.273298
0.511415 0.0126007
0.784328 0.222565
0.808982 0.0413785
0.614346 0.066946
0.291481 0.678131
0.922586 0.0970304
0.332505 0.907977
0.247676 0.336372
0.525821 0.0877772
0.230979 0.209033
0.0432864 0.481809
0.611526 0.385856
0.269897 0.122941
0.398456 0.0542253
0.345506 0.207438
0.0956038 0.981337
0.028721 0.70995
0.0482833 0.320202
0.417233 0.720586
0.0569573 0.404667
0.752686 0.287936
0.769745 0.403982
0.442865 0.296946
0.400582 0.054391
0.682801 0.670479
0.177332 0.0812579
0.724705 0.522838
0.288696 0.820309
0.504175 0.317417
0.530259 0.552458
0.523327 0.0548521
0.638925 0.402174
0.806841 0.472448
0.268421 0.753564
0.0505096 0.225106
0.465847 0.103265
0.52248 0.0583011
0.889197 0.0458071
0.113153 0.528122
0.447981 0.832915
0.224005 0.254822
0.305362 0.207824
0.675363 0.573783
0.285069 0.0118973
0.724993 0.0507465
0.745208 0.620578
0.240868 0.459602
0.663042 0.681466
0.429623 0.0837239
0.142025 0.541519
0.0696414 0.445891
0.0880929 0.293646
0.700713 0.393455
0.50147 0.376076
0.875963 0.252308
0.474755 0.600955
0.303054 0.219963
0.221533 0.296809
0.77974 0.462401
0.756411 0.442783
0.143867 0.186035
0.526506 0.796189
0.138138 0.668532
0.337709 0.136048
0.581938 0.0118026
0.700996 0.282651
0.405258 0.202466
0.658727 0.372496
0.665324 0.53469
0.624804 0.140079
0.135646 0.927858
0.360042 0.357179
0.224668 0.139782
0.167114 0.109071
0.759636 0.305251
0.777603 0.0973445
0.441299 0.701313
0.504695 0.0232373
0.713115 0.205691
0.305888 0.118373
0.49087 0.0734817
0.499306 0.115674
0.21356 0.634951
0.0435321 0.573602
0.249279 0.295949
0.775156 0.416393
0.405021 0.534792
0.721644 0.182624
0.632136 0.162943
0.883936 0.136831
0.18618 0.597052
0.342522 0.492069
0.456684 0.206295
0.321968 0.0377219
0.590941 0.3655
0.611324 0.583071
0.6337 0.324709
0.394781 0.882979
0.620658 0.169937
0.299372 0.0256791
0.704728 0.0210162
0.208303 0.336865
0.183959 0.0922392
0.473695 0.370139
0.862208 0.404716
0.566897 0.318892
0.61101 0.391059
0.274882 0.932979
0.428781 0.865823
0.298479 0.0401049
0.364814 0.843676
0.0136125 0.114531
0.0111509 0.718341
0.135547 0.219454
0.0552055 0.319506
0.311693 0.528901
0.689646 0.000983736
0.345118 0.551853
0.4057 0.912016
0.870745 0.0167098
0.303075 0.145627
0.0114504 0.248168
0.77196 0.460345
0.180347 0.136774
0.122246 0.317633
0.110037 0.133397
0.035974 0.245585
0.35285 0.0911795
0.565091 0.664543
0.62008 0.254737
0.80659 0.0712265
0.0879363 0.180289
0.822963 0.0376249
0.285793 0.684105
0.294758 0.46614
0.0765208 0.952386
0.817269 0.429371
0.0435653 0.38236
0.0939144 0.663646
0.637097 0.759441
0.628844 0.443687
0.830668 0.506059
0.121023 0.918604
0.778399 0.242022
0.282597 0.0731568
0.708161 0.103476
0.671936 0.169808
0.0465998 0.588347
0.741491 0.123121
0.540733 0.55876
0.552492 0.584298
0.247944 0.578217
0.405847 0.876788
0.0219038 0.236515
0.382847 0.142927
0.155119 0.0691955
0.0869122 0.111349
0.938468 0.0615315
0.0537609 0.610403
0.231339 0.100361
0.19875 0.97283
0.223481 0.739484
0.53159 0.775973
0.323782 0.472709
0.422379 0.571726
0.0509258 0.828227
0.448514 0.0728297
0.0647419 0.831362
0.215756 0.219861
0.900557 0.302669
0.33121 0.568245
0.167979 0.68458
0.518531 0.106447
0.746111 0.572291
0.655084 0.48187
0.95458 0.0944856
0.550592 0.00550551
0.0783352 0.987454
0.830468 0.294092
0.207315 0.731025
0.59676 0.538525
0.299271 0.76474
0.223105 0.817801
0.390092 0.588037
0.946667 0.0627446
0.958878 0.158722
0.378818 0.630985
0.137589 0.333398
0.72547 0.688181
0.338903 0.648182
0.687287 0.417239
0.635636 0.517756
0.248781 0.30809
0.381477 0.548051
0.0728298 0.604582
0.573799 0.755945
0.532054 0.520466
0.81869 0.0356917
0.417414 0.777568
0.194414 0.796232
0.408552 0.332003
0.12963 0.134022
0.0201839 0.468533
0.885771 0.417841
0.225227 0.597101
0.260792 0.474008
0.0220593 0.978021
0.246851 0.387912
0.143857 0.454092
0.489783 0.758529
0.554761 0.148666
0.0162004 0.684391
0.282689 0.0363843
0.152924 0.0648933
0.743856 0.0386951
0.635797 0.743527
0.443091 0.540988
0.385796 0.46515
0.51901 0.632647
0.853062 0.441047
0.552943 0.699579
0.0691199 0.107704
0.848245 0.0853203
0.792095 0.130934
0.121705 0.945018
0.195827 0.86556
0.422088 0.277734
0.160498 0.807884
0.440531 0.595945
0.120555 0.893828
0.592864 0.0156943
0.688242 0.552328
0.400617 0.241184
0.251907 0.469737
0.348888 0.100153
0.555057 0.140982
0.231087 0.676762
0.0860008 0.426914
0.542322 0.0697143
0.105476 0.376965
0.689224 0.527564
0.335448 0.397582
0.52923 0.77598
0.669808 0.586391
0.66548 0.35805
0.138719 0.0660963
0.599234 0.390626
0.490779 0.0908899
0.089104 0.721866
0.767651 0.175105
0.14878 0.309973
0.244819 0.254256
0.781821 0.341637
0.783766 0.117269
0.739219 0.312996
0.319137 0.628261
0.694357 0.52034
0.848482 0.23019
0.468462 0.339261
0.32108 0.557566
0.061127 0.0887315
0.732671 0.209907
0.464164 0.0856432
0.911533 0.245984
0.42728 0.695299
0.363254 0.166499
0.00829514 0.256502
0.819559 0.218382
0.599337 0.740666
0.676237 0.293695
0.261007 0.524719
0.523885 0.729469
0.287035 0.925107
0.933696 0.0197055
0.135014 0.332401
0.604028 0.208416
0.0118233 0.612323
0.5834 0.284478
0.12945 0.182737
0.0251442 0.805687
0.476432 0.286151
0.330406 0.000316338
0.0156193 0.194386
0.845281 0.302654
0.119493 0.778977
0.322359 0.254508
0.111379 0.319555
0.228284 0.698849
0.374747 0.832312
0.907265 0.386571
0.444635 0.372184
0.297639 0.0280344
0.656662 0.427089
0.210771 0.681806
0.232776 0.687203
0.757567 0.5328
0.28623 0.877061
0.311778 0.608589
0.131568 0.423156
0.952579 0.156428
0.684103 0.327327
0.713897 0.433374
0.963551 0.0115363
0.461409 0.620213
0.438625 0.67218
0.302019 0.671401
0.359383 0.269976
0.234582 0.0469021
0.579702 0.539782
0.148371 0.000778299
0.314637 0.0765152
0.232943 0.670135
0.594543 0.221683
0.261503 0.30844
0.655057 0.225054
0.319977 0.116466
0.788646 0.147286
0.430002 0.148029
0.417262 0.664584
0.194931 0.670814
0.210595 0.525944
0.666113 0.358966
0.435482 0.512755
0.247967 0.668425
0.18289 0.84251
0.890107 0.444392
0.15095 0.545164
0.669446 0.470927
0.66163 0.514713
0.229529 0.450276
0.661999 0.659531
0.598304 0.079261
0.324115 0.793235
0.506793 0.233981
0.319636 0.0335155
0.214732 0.755118
0.54627 0.462698
0.423543 0.72916
0.305208 0.31365
0.173552 0.456158
0.357711 0.156613
0.97072 0.0197106
0.816145 0.569024
0.0989717 0.14026
0.362259 0.849046
0.121109 0.930127
0.164108 0.129353
0.661418 0.37884
0.884471 0.207688
0.841538 0.308013
0.936848 0.146746
0.621663 0.1104
0.602904 0.480477
0.000921345 0.311109
0.33082 0.502747
0.540665 0.429792
0.278838 0.764116
0.833051 0.0885544
0.217907 0.0534364
0.375999 0.102378
0.261124 0.217537
0.410391 0.197972
0.364283 0.032054
0.512531 0.26177
0.497176 0.513453
0.572879 0.183778
0.686525 0.0257586
0.333491 0.329532
0.0936479 0.761733
0.700884 0.485666
0.539103 0.134891
0.0211686 0.800227
0.352428 0.43156
0.463614 0.306571
0.568341 0.181075
0.489597 0.141221
0.0449203 0.0513785
0.000449822 0.378412
0.690865 0.691625
0.610416 0.499327
0.584648 0.631584
0.299555 0.937076
0.0631439 0.297754
0.653788 0.526757
0.604325 0.337687
0.502902 0.172666
0.313887 0.883615
0.737219 0.315904
0.790462 0.587638
0.419585 0.750687
0.0373956 0.0300007
0.250014 0.622044
0.661585 0.549569
0.55912 0.724729
0.847323 0.212908
0.251486 0.451648
0.550595 0.754389
0.624315 0.0693568
0.297009 0.887966
0.68172 0.0342283
0.20387 0.578493
0.166131 0.181773
0.745019 0.203527
0.544603 0.384691
0.598088 0.391926
0.843574 0.148194
0.603963 0.467888
0.217551 0.350851
0.40609 0.170523
0.0649306 0.703099
0.0584883 0.746651
0.737328 0.262358
0.325144 0.499516
0.25669 0.491275
0.681289 0.00170893
0.766422 0.541345
0.905064 0.36451
0.214084 0.776844
0.244733 0.868407
0.168898 0.650823
0.0389302 0.233829
0.353922 0.0974185
0.980479 0.0912494
0.359776 0.305623
0.590765 0.616466
0.796898 0.272054
0.618175 0.4917
0.165117 0.614918
0.0120729 0.931539
0.156263 0.917136
0.296049 0.0895334
0.419799 0.510133
0.866378 0.0706556
0.32818 0.11111
0.730907 0.115855
0.0754117 0.711386
0.207104 0.435188
0.0170093 0.797869
0.0516544 0.813907
0.0699235 0.66983
0.305608 0.235041
0.284747 0.317681
0.16658 0.44101
0.234817 0.462629
0.530544 0.654616
0.725271 0.300942
0.508031 0.664334
0.79802 0.269964
0.642328 0.528927
0.385819 0.717739
0.240313 0.592923
0.152927 0.257322
0.390792 0.204582
0.0712296 0.460715
0.874411 0.376837
0.695756 0.159159
0.324965 0.130713
0.583951 0.297727
0.527634 0.309222
0.598669 0.0356654
0.30563 0.615884
0.333623 0.165929
0.284371 0.486551
0.423251 0.675163
0.691133 0.49448
0.135878 0.565544
0.724703 0.565835
0.69397 0.324872
0.49517 0.0189355
0.455585 0.0791206
0.388343 0.915332
0.018884 0.361899
0.312021 0.324514
0.0159619 0.311406
0.403566 0.300333
0.321297 0.111374
0.0546335 0.192615
0.75845 0.636978
0.104208 0.25362
0.655914 0.559793
0.543012 0.721083
0.0829821 0.19993
0.886409 0.0607651
0.372171 0.841133
0.202704 0.170128
0.667949 0.1782
0.289573 0.713852
0.181861 0.232581
0.19393 0.525473
0.157189 0.526671
0.498049 0.700201
0.247754 0.385958
0.262097 0.330736
0.585888 0.148506
0.391501 0.0234544
0.0508773 0.763672
0.864587 0.253581
0.431781 0.593019
0.521782 0.721354
0.30687 0.703643
0.397455 0.837883
0.348968 0.554644
0.364554 0.847017
0.254845 0.612308
0.232975 0.516942
0.665448 0.334545
0.0982175 0.706904
0.969907 0.0320184
0.23944 0.401688
0.625037 0.761222
0.123043 0.931908
0.464865 0.0769782
0.731966 0.108818
0.900473 0.129421
0.946701 0.249441
0.684065 0.311256
0.0964584 0.93891
0.923564 0.329434
0.455853 0.866608
0.148297 0.121301
0.837627 0.29937
0.331389 0.936959
0.209222 0.956426
0.698181 0.332265
0.888334 0.163046
0.409243 0.6203
0.271864 0.309716
0.749721 0.218566
0.559157 0.433786
0.529822 0.655615
0.372696 0.453385
0.319993 0.133346
0.12396 0.787477
0.595011 0.151905
0.108332 0.456619
0.619666 0.54574
0.855456 0.366686
0.110096 0.414613
0.0702284 0.173168
0.0933027 0.0552776
0.00171662 0.413296
0.188624 0.951567
0.934442 0.312584
0.134063 0.334054
0.138287 0.0151955
0.34912 0.274784
0.0118609 0.968785
0.0905935 0.795984
0.610328 0.160822
0.2161 0.970868
0.116927 0.404723
0.922434 0.0513691
0.717307 0.661478
0.743871 0.133819
0.728387 0.0929904
0.408603 0.740248
0.0617758 0.229127
0.369074 0.922091
0.905108 0.364586
0.16057 0.502831
0.156523 0.129721
0.206462 0.372623
0.100589 0.323389
0.777346 0.0230232
0.374758 0.494653
0.684501 0.181086
0.346023 0.680033
0.894278 0.0898939
0.182884 0.222455
0.362913 0.24466
0.451583 0.731987
0.166751 0.356691
0.0965733 0.0592534
0.352392 0.257143
0.562084 0.508915
0.386864 0.768546
0.0919351 0.658885
0.510476 0.466693
0.153538 0.194977
0.647779 0.499561
0.589455 0.688862
0.164721 0.772339
0.0169994 0.3629
0.259621 0.183751
0.71959 0.356195
0.243004 0.0719823
0.580898 0.000201407
0.573634 0.462436
0.487654 0.665569
0.132262 0.274859
0.193107 0.780041
0.77442 0.0681165
0.322098 0.363875
0.756979 0.486819
0.136215 0.668296
0.0144535 0.153214
0.0311955 0.274075
0.336965 0.750786
0.63027 0.579969
0.822768 0.243607
0.385057 0.403666
0.243809 0.958691
0.262282 0.922699
0.536564 0.0367018
0.400577 0.747794
0.345481 0.536792
0.41609 0.359934
0.690006 0.447285
0.634009 0.026971
0.198071 0.264279
0.60694 0.0208394
0.424505 0.751695
0.950687 0.290607
0.483158 0.574948
0.27803 0.21275
0.33147 0.540312
0.135449 0.868034
0.577014 0.126265
0.874059 0.0721763
0.514383 0.290148
0.432111 0.204389
0.737434 0.0661199
0.23136 0.935505
0.330399 0.8383
0.830297 0.38085
0.589981 0.780984
0.671457 0.0731385
0.285889 0.687402
